SUBROUTINE HESSIANMAT(FHESS)
  USE MODEL_CONST_MOD, ONLY: ESTIMSIZE
  INTEGER, PARAMETER :: DP = SELECTED_REAL_KIND(12, 60)
  REAL(DP), DIMENSION(ESTIMSIZE,ESTIMSIZE):: FHESS

  FHESS(1,1) = 2511.195
  FHESS(2,1) = 866.57946
  FHESS(3,1) = -761.01621
  FHESS(4,1) = -41.340808
  FHESS(5,1) = -1047.4373
  FHESS(6,1) = 14.603879
  FHESS(7,1) = -139.95101
  FHESS(8,1) = 121.17714
  FHESS(9,1) = 10.048752
  FHESS(10,1) = 29.572553
  FHESS(11,1) = 91.673337
  FHESS(12,1) = 872.75105
  FHESS(13,1) = -25.05692
  FHESS(14,1) = 17.160483
  FHESS(15,1) = 19.630392
  FHESS(16,1) = -10.195167
  FHESS(17,1) = -0.45169705
  FHESS(18,1) = 319.08742
  FHESS(19,1) = -4.2569088
  FHESS(20,1) = -72.11655
  FHESS(21,1) = -3.7959342
  FHESS(22,1) = -3.5225772
  FHESS(23,1) = -1.2979892
  FHESS(24,1) = -38.645615
  FHESS(25,1) = -35.955158
  FHESS(26,1) = -1.8200116
  FHESS(27,1) = 73.418752
  FHESS(28,1) = -9.9571033
  FHESS(29,1) = 33.45546
  FHESS(30,1) = -12.329011
  FHESS(31,1) = -17.676373
  FHESS(32,1) = -960.8455
  FHESS(33,1) = -20.603293
  FHESS(34,1) = -41.85919
  FHESS(35,1) = 2013.3141
  FHESS(36,1) = 577.26168
  FHESS(37,1) = 54.442425
  FHESS(38,1) = -381.59789
  FHESS(1,2) = 866.57946
  FHESS(2,2) = 9730.349
  FHESS(3,2) = -574.64544
  FHESS(4,2) = -210.83592
  FHESS(5,2) = -1153.9766
  FHESS(6,2) = -8.0552743
  FHESS(7,2) = 27.892348
  FHESS(8,2) = 129.33285
  FHESS(9,2) = -41.3661
  FHESS(10,2) = 221.9928
  FHESS(11,2) = 392.66792
  FHESS(12,2) = 2337.305
  FHESS(13,2) = -44.882905
  FHESS(14,2) = 28.130591
  FHESS(15,2) = 29.41418
  FHESS(16,2) = 169.30599
  FHESS(17,2) = -1.3780671
  FHESS(18,2) = 2347.4922
  FHESS(19,2) = -25.8896
  FHESS(20,2) = -292.61516
  FHESS(21,2) = -88.813147
  FHESS(22,2) = -8.6766064
  FHESS(23,2) = -46.203409
  FHESS(24,2) = -447.65976
  FHESS(25,2) = 1470.6241
  FHESS(26,2) = -9.6732952
  FHESS(27,2) = -286.49649
  FHESS(28,2) = -1.8964754
  FHESS(29,2) = -104.80676
  FHESS(30,2) = -343.94248
  FHESS(31,2) = -99.536589
  FHESS(32,2) = -2323.3003
  FHESS(33,2) = -116.4323
  FHESS(34,2) = -616.10956
  FHESS(35,2) = -1337.359
  FHESS(36,2) = 572.52589
  FHESS(37,2) = -16.825697
  FHESS(38,2) = -398.79798
  FHESS(1,3) = -761.01621
  FHESS(2,3) = -574.64544
  FHESS(3,3) = 3691.3336
  FHESS(4,3) = -177.23402
  FHESS(5,3) = 698.75645
  FHESS(6,3) = -9.1421942
  FHESS(7,3) = 409.69211
  FHESS(8,3) = -322.67266
  FHESS(9,3) = 52.249439
  FHESS(10,3) = -38.325864
  FHESS(11,3) = -85.060351
  FHESS(12,3) = -922.85517
  FHESS(13,3) = -12.735403
  FHESS(14,3) = -66.061195
  FHESS(15,3) = 20.53398
  FHESS(16,3) = -139.2027
  FHESS(17,3) = -0.24074508
  FHESS(18,3) = -516.13949
  FHESS(19,3) = -65.206144
  FHESS(20,3) = -72.278522
  FHESS(21,3) = -32.369919
  FHESS(22,3) = 0.53607624
  FHESS(23,3) = -21.588693
  FHESS(24,3) = -77.805219
  FHESS(25,3) = -91.12212
  FHESS(26,3) = -1.7478474
  FHESS(27,3) = 9.9073364
  FHESS(28,3) = 1539.7177
  FHESS(29,3) = -250.73074
  FHESS(30,3) = -246.65747
  FHESS(31,3) = -12.534605
  FHESS(32,3) = 236.44209
  FHESS(33,3) = 209.04997
  FHESS(34,3) = -1062.7403
  FHESS(35,3) = -282.41166
  FHESS(36,3) = 237.76615
  FHESS(37,3) = 58.82387
  FHESS(38,3) = 1649.1488
  FHESS(1,4) = -41.340808
  FHESS(2,4) = -210.83592
  FHESS(3,4) = -177.23402
  FHESS(4,4) = 745.99192
  FHESS(5,4) = -17.050415
  FHESS(6,4) = 8.3477777
  FHESS(7,4) = -323.51152
  FHESS(8,4) = 13.255802
  FHESS(9,4) = -0.65891341
  FHESS(10,4) = -13.75807
  FHESS(11,4) = -42.209645
  FHESS(12,4) = 91.648301
  FHESS(13,4) = 10.071078
  FHESS(14,4) = 19.487954
  FHESS(15,4) = 11.809474
  FHESS(16,4) = -33.169567
  FHESS(17,4) = -0.35993029
  FHESS(18,4) = -26.466678
  FHESS(19,4) = 8.7271581
  FHESS(20,4) = -57.900839
  FHESS(21,4) = 11.918866
  FHESS(22,4) = -8.3376097
  FHESS(23,4) = 11.01898
  FHESS(24,4) = -250.53991
  FHESS(25,4) = 208.02772
  FHESS(26,4) = -0.97661481
  FHESS(27,4) = 40.590462
  FHESS(28,4) = -83.016067
  FHESS(29,4) = 78.491217
  FHESS(30,4) = -357.96643
  FHESS(31,4) = 18.193818
  FHESS(32,4) = 287.18441
  FHESS(33,4) = -9.6534517
  FHESS(34,4) = 38.535928
  FHESS(35,4) = 2120.1529
  FHESS(36,4) = 54.569233
  FHESS(37,4) = -132.00936
  FHESS(38,4) = 15.049767
  FHESS(1,5) = -1047.4373
  FHESS(2,5) = -1153.9766
  FHESS(3,5) = 698.75645
  FHESS(4,5) = -17.050415
  FHESS(5,5) = 7229.0989
  FHESS(6,5) = -3.2883724
  FHESS(7,5) = 159.41939
  FHESS(8,5) = -93.682262
  FHESS(9,5) = 23.337975
  FHESS(10,5) = -108.23819
  FHESS(11,5) = -153.41514
  FHESS(12,5) = -1328.2327
  FHESS(13,5) = 4.6609429
  FHESS(14,5) = 54.071913
  FHESS(15,5) = -12.490656
  FHESS(16,5) = -11.066766
  FHESS(17,5) = -1.0476831
  FHESS(18,5) = -856.49732
  FHESS(19,5) = -9.6041447
  FHESS(20,5) = 38.777941
  FHESS(21,5) = 7.1499817
  FHESS(22,5) = 4.1763659
  FHESS(23,5) = 6.8695606
  FHESS(24,5) = 146.17123
  FHESS(25,5) = -512.31254
  FHESS(26,5) = -6.0257179
  FHESS(27,5) = -1542.487
  FHESS(28,5) = -5457.973
  FHESS(29,5) = -15.762511
  FHESS(30,5) = 44.472943
  FHESS(31,5) = -10.221021
  FHESS(32,5) = 1201.6856
  FHESS(33,5) = 282.85251
  FHESS(34,5) = 247.61736
  FHESS(35,5) = -588.43141
  FHESS(36,5) = -570.76142
  FHESS(37,5) = 31.388092
  FHESS(38,5) = 34.795188
  FHESS(1,6) = 14.603879
  FHESS(2,6) = -8.0552743
  FHESS(3,6) = -9.1421942
  FHESS(4,6) = 8.3477777
  FHESS(5,6) = -3.2883724
  FHESS(6,6) = 58.564139
  FHESS(7,6) = 24.293554
  FHESS(8,6) = -0.35390162
  FHESS(9,6) = 0.47159058
  FHESS(10,6) = 3.1824588
  FHESS(11,6) = -1.2811702
  FHESS(12,6) = -0.82148978
  FHESS(13,6) = 7.2651689
  FHESS(14,6) = 0.881898
  FHESS(15,6) = 4.1792279
  FHESS(16,6) = -13.42253
  FHESS(17,6) = -0.083244336
  FHESS(18,6) = 1.5530972
  FHESS(19,6) = -13.080878
  FHESS(20,6) = -13.388263
  FHESS(21,6) = 3.1970521
  FHESS(22,6) = -0.37491599
  FHESS(23,6) = 0.62710353
  FHESS(24,6) = 27.773495
  FHESS(25,6) = 65.541949
  FHESS(26,6) = -0.9519057
  FHESS(27,6) = -80.350581
  FHESS(28,6) = 24.749023
  FHESS(29,6) = 21.355317
  FHESS(30,6) = -67.703321
  FHESS(31,6) = 2.2128019
  FHESS(32,6) = 24.370711
  FHESS(33,6) = -12.827328
  FHESS(34,6) = -54.707563
  FHESS(35,6) = 24.897824
  FHESS(36,6) = -1.5360229
  FHESS(37,6) = -46.387708
  FHESS(38,6) = -4.9528011
  FHESS(1,7) = -139.95101
  FHESS(2,7) = 27.892348
  FHESS(3,7) = 409.69211
  FHESS(4,7) = -323.51152
  FHESS(5,7) = 159.41939
  FHESS(6,7) = 24.293554
  FHESS(7,7) = 2160.5038
  FHESS(8,7) = -18.278262
  FHESS(9,7) = -110.74231
  FHESS(10,7) = -7.0293873
  FHESS(11,7) = 3.6213292
  FHESS(12,7) = -478.42284
  FHESS(13,7) = 6.1455372
  FHESS(14,7) = -15.750675
  FHESS(15,7) = -4.8970969
  FHESS(16,7) = 54.540321
  FHESS(17,7) = -2.9640786
  FHESS(18,7) = -21.778176
  FHESS(19,7) = 10.56149
  FHESS(20,7) = -147.06748
  FHESS(21,7) = -28.644517
  FHESS(22,7) = -61.110453
  FHESS(23,7) = -12.715333
  FHESS(24,7) = -400.41503
  FHESS(25,7) = -1452.365
  FHESS(26,7) = -1.4571373
  FHESS(27,7) = -71.821617
  FHESS(28,7) = 191.81581
  FHESS(29,7) = 850.58746
  FHESS(30,7) = -68.182827
  FHESS(31,7) = -197.22727
  FHESS(32,7) = 154.19273
  FHESS(33,7) = 10.592852
  FHESS(34,7) = -170.21726
  FHESS(35,7) = -1945.8027
  FHESS(36,7) = 1203.0261
  FHESS(37,7) = 102.13765
  FHESS(38,7) = 173.35076
  FHESS(1,8) = 121.17714
  FHESS(2,8) = 129.33285
  FHESS(3,8) = -322.67266
  FHESS(4,8) = 13.255802
  FHESS(5,8) = -93.682262
  FHESS(6,8) = -0.35390162
  FHESS(7,8) = -18.278262
  FHESS(8,8) = 63.804697
  FHESS(9,8) = -5.8715993
  FHESS(10,8) = -2.2836923
  FHESS(11,8) = 6.2814589
  FHESS(12,8) = 156.28566
  FHESS(13,8) = 7.5417613
  FHESS(14,8) = 10.732442
  FHESS(15,8) = -1.0529953
  FHESS(16,8) = 14.473944
  FHESS(17,8) = -0.25877796
  FHESS(18,8) = 68.982095
  FHESS(19,8) = 1.7674944
  FHESS(20,8) = -5.6786282
  FHESS(21,8) = 3.9131711
  FHESS(22,8) = -0.23197705
  FHESS(23,8) = 0.046811056
  FHESS(24,8) = 27.866154
  FHESS(25,8) = 114.62922
  FHESS(26,8) = -1.5620534
  FHESS(27,8) = -18.751027
  FHESS(28,8) = -284.34806
  FHESS(29,8) = 25.887637
  FHESS(30,8) = 34.436642
  FHESS(31,8) = 0.87465048
  FHESS(32,8) = -212.47013
  FHESS(33,8) = -17.668682
  FHESS(34,8) = 74.423912
  FHESS(35,8) = 94.0174
  FHESS(36,8) = -45.494511
  FHESS(37,8) = -70.775925
  FHESS(38,8) = -33.276658
  FHESS(1,9) = 10.048752
  FHESS(2,9) = -41.3661
  FHESS(3,9) = 52.249439
  FHESS(4,9) = -0.65891341
  FHESS(5,9) = 23.337975
  FHESS(6,9) = 0.47159058
  FHESS(7,9) = -110.74231
  FHESS(8,9) = -5.8715993
  FHESS(9,9) = 233.92409
  FHESS(10,9) = -21.134199
  FHESS(11,9) = -42.638479
  FHESS(12,9) = 68.70616
  FHESS(13,9) = -3.82421
  FHESS(14,9) = 0.036290032
  FHESS(15,9) = 5.2096136
  FHESS(16,9) = 2.0518566
  FHESS(17,9) = -0.3748677
  FHESS(18,9) = -59.466334
  FHESS(19,9) = -2.3980703
  FHESS(20,9) = 18.717306
  FHESS(21,9) = 15.466385
  FHESS(22,9) = 2.5744244
  FHESS(23,9) = 14.705654
  FHESS(24,9) = 46.8033
  FHESS(25,9) = -26.844941
  FHESS(26,9) = -1.6574572
  FHESS(27,9) = 65.103764
  FHESS(28,9) = -241.16496
  FHESS(29,9) = -12.262388
  FHESS(30,9) = 13.334169
  FHESS(31,9) = -19.47964
  FHESS(32,9) = -261.27423
  FHESS(33,9) = 0.3078056
  FHESS(34,9) = 14.606365
  FHESS(35,9) = 50.845053
  FHESS(36,9) = -164.25701
  FHESS(37,9) = 26.579619
  FHESS(38,9) = -541.34109
  FHESS(1,10) = 29.572553
  FHESS(2,10) = 221.9928
  FHESS(3,10) = -38.325864
  FHESS(4,10) = -13.75807
  FHESS(5,10) = -108.23819
  FHESS(6,10) = 3.1824588
  FHESS(7,10) = -7.0293873
  FHESS(8,10) = -2.2836923
  FHESS(9,10) = -21.134199
  FHESS(10,10) = 73.066236
  FHESS(11,10) = 11.241446
  FHESS(12,10) = -39.313299
  FHESS(13,10) = -14.727761
  FHESS(14,10) = 8.0395155
  FHESS(15,10) = -8.738242
  FHESS(16,10) = 3.4600334
  FHESS(17,10) = -0.027851241
  FHESS(18,10) = 118.15806
  FHESS(19,10) = 1.706872
  FHESS(20,10) = -11.622651
  FHESS(21,10) = -5.7826977
  FHESS(22,10) = -4.9268146
  FHESS(23,10) = 2.5181993
  FHESS(24,10) = -545.12983
  FHESS(25,10) = -39.008044
  FHESS(26,10) = -0.86364177
  FHESS(27,10) = -41.090533
  FHESS(28,10) = 44.384312
  FHESS(29,10) = 77.006334
  FHESS(30,10) = 25.694002
  FHESS(31,10) = -9.69842
  FHESS(32,10) = 37.276923
  FHESS(33,10) = -0.8199936
  FHESS(34,10) = -18.698324
  FHESS(35,10) = -23.528437
  FHESS(36,10) = 64.681193
  FHESS(37,10) = -62.630256
  FHESS(38,10) = -166.77763
  FHESS(1,11) = 91.673337
  FHESS(2,11) = 392.66792
  FHESS(3,11) = -85.060351
  FHESS(4,11) = -42.209645
  FHESS(5,11) = -153.41514
  FHESS(6,11) = -1.2811702
  FHESS(7,11) = 3.6213292
  FHESS(8,11) = 6.2814589
  FHESS(9,11) = -42.638479
  FHESS(10,11) = 11.241446
  FHESS(11,11) = 205.84762
  FHESS(12,11) = -32.01837
  FHESS(13,11) = -13.36182
  FHESS(14,11) = -10.173015
  FHESS(15,11) = -19.845044
  FHESS(16,11) = -20.096827
  FHESS(17,11) = -0.47646448
  FHESS(18,11) = 155.22857
  FHESS(19,11) = -5.9643816
  FHESS(20,11) = -47.443382
  FHESS(21,11) = -20.579106
  FHESS(22,11) = 4.7687809
  FHESS(23,11) = -20.740825
  FHESS(24,11) = -41.361815
  FHESS(25,11) = 410.91118
  FHESS(26,11) = -5.0760049
  FHESS(27,11) = -132.13107
  FHESS(28,11) = -76.53568
  FHESS(29,11) = 130.53269
  FHESS(30,11) = 11.122106
  FHESS(31,11) = -31.49719
  FHESS(32,11) = -73.950044
  FHESS(33,11) = -12.782851
  FHESS(34,11) = 25.268107
  FHESS(35,11) = -110.72591
  FHESS(36,11) = 251.38211
  FHESS(37,11) = 492.47059
  FHESS(38,11) = 139.83403
  FHESS(1,12) = 872.75105
  FHESS(2,12) = 2337.305
  FHESS(3,12) = -922.85517
  FHESS(4,12) = 91.648301
  FHESS(5,12) = -1328.2327
  FHESS(6,12) = -0.82148978
  FHESS(7,12) = -478.42284
  FHESS(8,12) = 156.28566
  FHESS(9,12) = 68.70616
  FHESS(10,12) = -39.313299
  FHESS(11,12) = -32.01837
  FHESS(12,12) = 2911.5021
  FHESS(13,12) = -50.890795
  FHESS(14,12) = 47.214588
  FHESS(15,12) = 72.505227
  FHESS(16,12) = -116.23943
  FHESS(17,12) = -0.15127412
  FHESS(18,12) = 220.04716
  FHESS(19,12) = 10.27702
  FHESS(20,12) = 29.295629
  FHESS(21,12) = 14.496682
  FHESS(22,12) = -1.292359
  FHESS(23,12) = 7.1924345
  FHESS(24,12) = 79.402038
  FHESS(25,12) = 21.463537
  FHESS(26,12) = -126.00315
  FHESS(27,12) = -155.37537
  FHESS(28,12) = 297.24037
  FHESS(29,12) = -447.29657
  FHESS(30,12) = -22.00983
  FHESS(31,12) = 80.082513
  FHESS(32,12) = 1298.953
  FHESS(33,12) = -51.085764
  FHESS(34,12) = -145.19889
  FHESS(35,12) = 136.81049
  FHESS(36,12) = 99.366218
  FHESS(37,12) = -34.434208
  FHESS(38,12) = -144.41982
  FHESS(1,13) = -25.05692
  FHESS(2,13) = -44.882905
  FHESS(3,13) = -12.735403
  FHESS(4,13) = 10.071078
  FHESS(5,13) = 4.6609429
  FHESS(6,13) = 7.2651689
  FHESS(7,13) = 6.1455372
  FHESS(8,13) = 7.5417613
  FHESS(9,13) = -3.82421
  FHESS(10,13) = -14.727761
  FHESS(11,13) = -13.36182
  FHESS(12,13) = -50.890795
  FHESS(13,13) = 202.14044
  FHESS(14,13) = -14.388715
  FHESS(15,13) = 6.571676
  FHESS(16,13) = -6.6738969
  FHESS(17,13) = -0.027323036
  FHESS(18,13) = 4.5871749
  FHESS(19,13) = -25.261268
  FHESS(20,13) = -15.053232
  FHESS(21,13) = 4.0563267
  FHESS(22,13) = -9.7688782
  FHESS(23,13) = -0.64457602
  FHESS(24,13) = 44.844919
  FHESS(25,13) = -61.404817
  FHESS(26,13) = -0.85884311
  FHESS(27,13) = 142.98957
  FHESS(28,13) = -14.38848
  FHESS(29,13) = 79.633355
  FHESS(30,13) = -106.53311
  FHESS(31,13) = -20.222151
  FHESS(32,13) = -202.72089
  FHESS(33,13) = 25.667209
  FHESS(34,13) = -15.94985
  FHESS(35,13) = 55.075609
  FHESS(36,13) = -3.6963459
  FHESS(37,13) = -215.10734
  FHESS(38,13) = -488.04023
  FHESS(1,14) = 17.160483
  FHESS(2,14) = 28.130591
  FHESS(3,14) = -66.061195
  FHESS(4,14) = 19.487954
  FHESS(5,14) = 54.071913
  FHESS(6,14) = 0.881898
  FHESS(7,14) = -15.750675
  FHESS(8,14) = 10.732442
  FHESS(9,14) = 0.036290032
  FHESS(10,14) = 8.0395155
  FHESS(11,14) = -10.173015
  FHESS(12,14) = 47.214588
  FHESS(13,14) = -14.388715
  FHESS(14,14) = 19.979648
  FHESS(15,14) = -1.414225
  FHESS(16,14) = -9.9327999
  FHESS(17,14) = -0.15255985
  FHESS(18,14) = -0.72869034
  FHESS(19,14) = 6.558149
  FHESS(20,14) = 5.3037286
  FHESS(21,14) = 2.2823415
  FHESS(22,14) = -2.987625
  FHESS(23,14) = 3.94674
  FHESS(24,14) = -36.922396
  FHESS(25,14) = -41.965435
  FHESS(26,14) = -0.92611832
  FHESS(27,14) = -7.401897
  FHESS(28,14) = 234.01281
  FHESS(29,14) = -10.0008
  FHESS(30,14) = -91.301914
  FHESS(31,14) = -0.99463826
  FHESS(32,14) = 42.363111
  FHESS(33,14) = 27.017225
  FHESS(34,14) = -145.98738
  FHESS(35,14) = 33.282697
  FHESS(36,14) = -20.295603
  FHESS(37,14) = -13.676788
  FHESS(38,14) = 220.6713
  FHESS(1,15) = 19.630392
  FHESS(2,15) = 29.41418
  FHESS(3,15) = 20.53398
  FHESS(4,15) = 11.809474
  FHESS(5,15) = -12.490656
  FHESS(6,15) = 4.1792279
  FHESS(7,15) = -4.8970969
  FHESS(8,15) = -1.0529953
  FHESS(9,15) = 5.2096136
  FHESS(10,15) = -8.738242
  FHESS(11,15) = -19.845044
  FHESS(12,15) = 72.505227
  FHESS(13,15) = 6.571676
  FHESS(14,15) = -1.414225
  FHESS(15,15) = -9.3079302
  FHESS(16,15) = -10.22791
  FHESS(17,15) = -0.15714073
  FHESS(18,15) = -21.422713
  FHESS(19,15) = -1.3266965
  FHESS(20,15) = -4.8725851
  FHESS(21,15) = -1.4315382
  FHESS(22,15) = -0.4864071
  FHESS(23,15) = 0.38343606
  FHESS(24,15) = -3.422228
  FHESS(25,15) = -19.896961
  FHESS(26,15) = -0.88413919
  FHESS(27,15) = 7.9055059
  FHESS(28,15) = 37.270311
  FHESS(29,15) = -394.46398
  FHESS(30,15) = -26.668166
  FHESS(31,15) = 1.5026793
  FHESS(32,15) = 105.81893
  FHESS(33,15) = -2.6511514
  FHESS(34,15) = -59.550908
  FHESS(35,15) = 21.699422
  FHESS(36,15) = 25.268675
  FHESS(37,15) = -19.077077
  FHESS(38,15) = -8.9022055
  FHESS(1,16) = -10.195167
  FHESS(2,16) = 169.30599
  FHESS(3,16) = -139.2027
  FHESS(4,16) = -33.169567
  FHESS(5,16) = -11.066766
  FHESS(6,16) = -13.42253
  FHESS(7,16) = 54.540321
  FHESS(8,16) = 14.473944
  FHESS(9,16) = 2.0518566
  FHESS(10,16) = 3.4600334
  FHESS(11,16) = -20.096827
  FHESS(12,16) = -116.23943
  FHESS(13,16) = -6.6738969
  FHESS(14,16) = -9.9327999
  FHESS(15,16) = -10.22791
  FHESS(16,16) = 394.17289
  FHESS(17,16) = -0.50085703
  FHESS(18,16) = 85.56126
  FHESS(19,16) = 15.472047
  FHESS(20,16) = 38.231596
  FHESS(21,16) = 11.78342
  FHESS(22,16) = -24.341338
  FHESS(23,16) = 10.788004
  FHESS(24,16) = 107.7432
  FHESS(25,16) = 3.4192495
  FHESS(26,16) = -0.92798591
  FHESS(27,16) = -287.14549
  FHESS(28,16) = -225.7758
  FHESS(29,16) = 112.06316
  FHESS(30,16) = 478.60106
  FHESS(31,16) = -61.149565
  FHESS(32,16) = -863.98791
  FHESS(33,16) = -118.40967
  FHESS(34,16) = 197.66975
  FHESS(35,16) = 93.039773
  FHESS(36,16) = -77.460899
  FHESS(37,16) = -507.47755
  FHESS(38,16) = -168.16178
  FHESS(1,17) = -0.45169705
  FHESS(2,17) = -1.3780671
  FHESS(3,17) = -0.24074508
  FHESS(4,17) = -0.35993029
  FHESS(5,17) = -1.0476831
  FHESS(6,17) = -0.083244336
  FHESS(7,17) = -2.9640786
  FHESS(8,17) = -0.25877796
  FHESS(9,17) = -0.3748677
  FHESS(10,17) = -0.027851241
  FHESS(11,17) = -0.47646448
  FHESS(12,17) = -0.15127412
  FHESS(13,17) = -0.027323036
  FHESS(14,17) = -0.15255985
  FHESS(15,17) = -0.15714073
  FHESS(16,17) = -0.50085703
  FHESS(17,17) = -92.937169
  FHESS(18,17) = -0.72314846
  FHESS(19,17) = -0.18229754
  FHESS(20,17) = -0.46287897
  FHESS(21,17) = -0.19656352
  FHESS(22,17) = -0.41304174
  FHESS(23,17) = -0.24361025
  FHESS(24,17) = -0.71041642
  FHESS(25,17) = -6.5033892
  FHESS(26,17) = -7.0994174
  FHESS(27,17) = -6.7036855
  FHESS(28,17) = -11.515523
  FHESS(29,17) = -8.1588593
  FHESS(30,17) = -7.6111554
  FHESS(31,17) = 15.225432
  FHESS(32,17) = -8.9071687
  FHESS(33,17) = -5.7513358
  FHESS(34,17) = -7.3652918
  FHESS(35,17) = -8.2208234
  FHESS(36,17) = -7.5167122
  FHESS(37,17) = -10.44008
  FHESS(38,17) = -13.658361
  FHESS(1,18) = 319.08742
  FHESS(2,18) = 2347.4922
  FHESS(3,18) = -516.13949
  FHESS(4,18) = -26.466678
  FHESS(5,18) = -856.49732
  FHESS(6,18) = 1.5530972
  FHESS(7,18) = -21.778176
  FHESS(8,18) = 68.982095
  FHESS(9,18) = -59.466334
  FHESS(10,18) = 118.15806
  FHESS(11,18) = 155.22857
  FHESS(12,18) = 220.04716
  FHESS(13,18) = 4.5871749
  FHESS(14,18) = -0.72869034
  FHESS(15,18) = -21.422713
  FHESS(16,18) = 85.56126
  FHESS(17,18) = -0.72314846
  FHESS(18,18) = 1163.3347
  FHESS(19,18) = -12.466552
  FHESS(20,18) = -81.615569
  FHESS(21,18) = -27.024059
  FHESS(22,18) = -0.69034058
  FHESS(23,18) = -20.86064
  FHESS(24,18) = -130.09092
  FHESS(25,18) = 333.84336
  FHESS(26,18) = -5.5240065
  FHESS(27,18) = 8.1786371
  FHESS(28,18) = -93.794718
  FHESS(29,18) = 334.24095
  FHESS(30,18) = -68.464908
  FHESS(31,18) = -27.535621
  FHESS(32,18) = -1944.077
  FHESS(33,18) = 245.85253
  FHESS(34,18) = -260.54011
  FHESS(35,18) = -120.32501
  FHESS(36,18) = 338.88083
  FHESS(37,18) = 165.54457
  FHESS(38,18) = -258.39125
  FHESS(1,19) = -4.2569088
  FHESS(2,19) = -25.8896
  FHESS(3,19) = -65.206144
  FHESS(4,19) = 8.7271581
  FHESS(5,19) = -9.6041447
  FHESS(6,19) = -13.080878
  FHESS(7,19) = 10.56149
  FHESS(8,19) = 1.7674944
  FHESS(9,19) = -2.3980703
  FHESS(10,19) = 1.706872
  FHESS(11,19) = -5.9643816
  FHESS(12,19) = 10.27702
  FHESS(13,19) = -25.261268
  FHESS(14,19) = 6.558149
  FHESS(15,19) = -1.3266965
  FHESS(16,19) = 15.472047
  FHESS(17,19) = -0.18229754
  FHESS(18,19) = -12.466552
  FHESS(19,19) = 22.842388
  FHESS(20,19) = 3.7257443
  FHESS(21,19) = 2.8034548
  FHESS(22,19) = -6.8749803
  FHESS(23,19) = 4.674423
  FHESS(24,19) = -3.811641
  FHESS(25,19) = -12.712238
  FHESS(26,19) = -0.86960584
  FHESS(27,19) = 28.896808
  FHESS(28,19) = -191.87387
  FHESS(29,19) = -42.535952
  FHESS(30,19) = 69.866709
  FHESS(31,19) = -3.7164208
  FHESS(32,19) = 75.255408
  FHESS(33,19) = 5.1820176
  FHESS(34,19) = 412.06198
  FHESS(35,19) = -56.421059
  FHESS(36,19) = -17.462597
  FHESS(37,19) = -53.235213
  FHESS(38,19) = 32.889612
  FHESS(1,20) = -72.11655
  FHESS(2,20) = -292.61516
  FHESS(3,20) = -72.278522
  FHESS(4,20) = -57.900839
  FHESS(5,20) = 38.777941
  FHESS(6,20) = -13.388263
  FHESS(7,20) = -147.06748
  FHESS(8,20) = -5.6786282
  FHESS(9,20) = 18.717306
  FHESS(10,20) = -11.622651
  FHESS(11,20) = -47.443382
  FHESS(12,20) = 29.295629
  FHESS(13,20) = -15.053232
  FHESS(14,20) = 5.3037286
  FHESS(15,20) = -4.8725851
  FHESS(16,20) = 38.231596
  FHESS(17,20) = -0.46287897
  FHESS(18,20) = -81.615569
  FHESS(19,20) = 3.7257443
  FHESS(20,20) = 153.63256
  FHESS(21,20) = 26.454699
  FHESS(22,20) = 3.2960601
  FHESS(23,20) = 5.4722598
  FHESS(24,20) = -103.42327
  FHESS(25,20) = -390.71872
  FHESS(26,20) = -0.92308366
  FHESS(27,20) = -83.407194
  FHESS(28,20) = 175.77022
  FHESS(29,20) = 34.704745
  FHESS(30,20) = 217.94867
  FHESS(31,20) = 1.2956261
  FHESS(32,20) = -75.111424
  FHESS(33,20) = -21.802405
  FHESS(34,20) = -64.954254
  FHESS(35,20) = -176.37556
  FHESS(36,20) = -448.1012
  FHESS(37,20) = 193.88988
  FHESS(38,20) = -73.863845
  FHESS(1,21) = -3.7959342
  FHESS(2,21) = -88.813147
  FHESS(3,21) = -32.369919
  FHESS(4,21) = 11.918866
  FHESS(5,21) = 7.1499817
  FHESS(6,21) = 3.1970521
  FHESS(7,21) = -28.644517
  FHESS(8,21) = 3.9131711
  FHESS(9,21) = 15.466385
  FHESS(10,21) = -5.7826977
  FHESS(11,21) = -20.579106
  FHESS(12,21) = 14.496682
  FHESS(13,21) = 4.0563267
  FHESS(14,21) = 2.2823415
  FHESS(15,21) = -1.4315382
  FHESS(16,21) = 11.78342
  FHESS(17,21) = -0.19656352
  FHESS(18,21) = -27.024059
  FHESS(19,21) = 2.8034548
  FHESS(20,21) = 26.454699
  FHESS(21,21) = 19.495832
  FHESS(22,21) = -5.0494799
  FHESS(23,21) = 3.5222281
  FHESS(24,21) = 36.124071
  FHESS(25,21) = 40.170586
  FHESS(26,21) = -0.90918058
  FHESS(27,21) = -18.348844
  FHESS(28,21) = -6.6944235
  FHESS(29,21) = 58.393361
  FHESS(30,21) = -19.265917
  FHESS(31,21) = -13.10538
  FHESS(32,21) = -13.405917
  FHESS(33,21) = -3.308838
  FHESS(34,21) = -11.451432
  FHESS(35,21) = -106.00725
  FHESS(36,21) = 140.66312
  FHESS(37,21) = -82.71942
  FHESS(38,21) = -125.28238
  FHESS(1,22) = -3.5225772
  FHESS(2,22) = -8.6766064
  FHESS(3,22) = 0.53607624
  FHESS(4,22) = -8.3376097
  FHESS(5,22) = 4.1763659
  FHESS(6,22) = -0.37491599
  FHESS(7,22) = -61.110453
  FHESS(8,22) = -0.23197705
  FHESS(9,22) = 2.5744244
  FHESS(10,22) = -4.9268146
  FHESS(11,22) = 4.7687809
  FHESS(12,22) = -1.292359
  FHESS(13,22) = -9.7688782
  FHESS(14,22) = -2.987625
  FHESS(15,22) = -0.4864071
  FHESS(16,22) = -24.341338
  FHESS(17,22) = -0.41304174
  FHESS(18,22) = -0.69034058
  FHESS(19,22) = -6.8749803
  FHESS(20,22) = 3.2960601
  FHESS(21,22) = -5.0494799
  FHESS(22,22) = 61.218533
  FHESS(23,22) = 0.33290842
  FHESS(24,22) = -7.3143964
  FHESS(25,22) = 18.976467
  FHESS(26,22) = -1.080048
  FHESS(27,22) = 16.424046
  FHESS(28,22) = -57.365038
  FHESS(29,22) = 47.083629
  FHESS(30,22) = -4.0481531
  FHESS(31,22) = -16.534077
  FHESS(32,22) = -251.97163
  FHESS(33,22) = -4.7579176
  FHESS(34,22) = -28.935791
  FHESS(35,22) = 20.763507
  FHESS(36,22) = -46.371451
  FHESS(37,22) = -236.84726
  FHESS(38,22) = 119.42453
  FHESS(1,23) = -1.2979892
  FHESS(2,23) = -46.203409
  FHESS(3,23) = -21.588693
  FHESS(4,23) = 11.01898
  FHESS(5,23) = 6.8695606
  FHESS(6,23) = 0.62710353
  FHESS(7,23) = -12.715333
  FHESS(8,23) = 0.046811056
  FHESS(9,23) = 14.705654
  FHESS(10,23) = 2.5181993
  FHESS(11,23) = -20.740825
  FHESS(12,23) = 7.1924345
  FHESS(13,23) = -0.64457602
  FHESS(14,23) = 3.94674
  FHESS(15,23) = 0.38343606
  FHESS(16,23) = 10.788004
  FHESS(17,23) = -0.24361025
  FHESS(18,23) = -20.86064
  FHESS(19,23) = 4.674423
  FHESS(20,23) = 5.4722598
  FHESS(21,23) = 3.5222281
  FHESS(22,23) = 0.33290842
  FHESS(23,23) = 16.743081
  FHESS(24,23) = -8.144546
  FHESS(25,23) = -76.452166
  FHESS(26,23) = -0.91777466
  FHESS(27,23) = -1.0773402
  FHESS(28,23) = 121.88606
  FHESS(29,23) = -9.63734
  FHESS(30,23) = 29.2036
  FHESS(31,23) = 8.9230052
  FHESS(32,23) = 4.7615484
  FHESS(33,23) = -26.693979
  FHESS(34,23) = 2.6045536
  FHESS(35,23) = 0.30687484
  FHESS(36,23) = -54.722305
  FHESS(37,23) = 26.964435
  FHESS(38,23) = -400.77863
  FHESS(1,24) = -38.645615
  FHESS(2,24) = -447.65976
  FHESS(3,24) = -77.805219
  FHESS(4,24) = -250.53991
  FHESS(5,24) = 146.17123
  FHESS(6,24) = 27.773495
  FHESS(7,24) = -400.41503
  FHESS(8,24) = 27.866154
  FHESS(9,24) = 46.8033
  FHESS(10,24) = -545.12983
  FHESS(11,24) = -41.361815
  FHESS(12,24) = 79.402038
  FHESS(13,24) = 44.844919
  FHESS(14,24) = -36.922396
  FHESS(15,24) = -3.422228
  FHESS(16,24) = 107.7432
  FHESS(17,24) = -0.71041642
  FHESS(18,24) = -130.09092
  FHESS(19,24) = -3.811641
  FHESS(20,24) = -103.42327
  FHESS(21,24) = 36.124071
  FHESS(22,24) = -7.3143964
  FHESS(23,24) = -8.144546
  FHESS(24,24) = 32658.461
  FHESS(25,24) = -1261.8987
  FHESS(26,24) = -36.750379
  FHESS(27,24) = 161.21467
  FHESS(28,24) = -643.63828
  FHESS(29,24) = 202.99833
  FHESS(30,24) = -315.47778
  FHESS(31,24) = 30.749554
  FHESS(32,24) = 1404.1566
  FHESS(33,24) = -42.260505
  FHESS(34,24) = 86.58459
  FHESS(35,24) = 47.13458
  FHESS(36,24) = 1252.9379
  FHESS(37,24) = -43.016033
  FHESS(38,24) = 133.85943
  FHESS(1,25) = -35.955158
  FHESS(2,25) = 1470.6241
  FHESS(3,25) = -91.12212
  FHESS(4,25) = 208.02772
  FHESS(5,25) = -512.31254
  FHESS(6,25) = 65.541949
  FHESS(7,25) = -1452.365
  FHESS(8,25) = 114.62922
  FHESS(9,25) = -26.844941
  FHESS(10,25) = -39.008044
  FHESS(11,25) = 410.91118
  FHESS(12,25) = 21.463537
  FHESS(13,25) = -61.404817
  FHESS(14,25) = -41.965435
  FHESS(15,25) = -19.896961
  FHESS(16,25) = 3.4192495
  FHESS(17,25) = -6.5033892
  FHESS(18,25) = 333.84336
  FHESS(19,25) = -12.712238
  FHESS(20,25) = -390.71872
  FHESS(21,25) = 40.170586
  FHESS(22,25) = 18.976467
  FHESS(23,25) = -76.452166
  FHESS(24,25) = -1261.8987
  FHESS(25,25) = 45018.178
  FHESS(26,25) = -60.929832
  FHESS(27,25) = -719.80928
  FHESS(28,25) = -466.68241
  FHESS(29,25) = -378.922
  FHESS(30,25) = 28.065021
  FHESS(31,25) = -133.29919
  FHESS(32,25) = 1381.0043
  FHESS(33,25) = -82.345992
  FHESS(34,25) = -85.380318
  FHESS(35,25) = 1133.5
  FHESS(36,25) = -1619.3086
  FHESS(37,25) = 107.2076
  FHESS(38,25) = 1158.4468
  FHESS(1,26) = -1.8200116
  FHESS(2,26) = -9.6732952
  FHESS(3,26) = -1.7478474
  FHESS(4,26) = -0.97661481
  FHESS(5,26) = -6.0257179
  FHESS(6,26) = -0.9519057
  FHESS(7,26) = -1.4571373
  FHESS(8,26) = -1.5620534
  FHESS(9,26) = -1.6574572
  FHESS(10,26) = -0.86364177
  FHESS(11,26) = -5.0760049
  FHESS(12,26) = -126.00315
  FHESS(13,26) = -0.85884311
  FHESS(14,26) = -0.92611832
  FHESS(15,26) = -0.88413919
  FHESS(16,26) = -0.92798591
  FHESS(17,26) = -7.0994174
  FHESS(18,26) = -5.5240065
  FHESS(19,26) = -0.86960584
  FHESS(20,26) = -0.92308366
  FHESS(21,26) = -0.90918058
  FHESS(22,26) = -1.080048
  FHESS(23,26) = -0.91777466
  FHESS(24,26) = -36.750379
  FHESS(25,26) = -60.929832
  FHESS(26,26) = 12196.187
  FHESS(27,26) = -37.982346
  FHESS(28,26) = -66.29184
  FHESS(29,26) = -57.425704
  FHESS(30,26) = -47.129889
  FHESS(31,26) = -70.555379
  FHESS(32,26) = -53.178807
  FHESS(33,26) = -35.164449
  FHESS(34,26) = -39.285919
  FHESS(35,26) = -40.574842
  FHESS(36,26) = -67.41465
  FHESS(37,26) = -37.262489
  FHESS(38,26) = -94.35434
  FHESS(1,27) = 73.418752
  FHESS(2,27) = -286.49649
  FHESS(3,27) = 9.9073364
  FHESS(4,27) = 40.590462
  FHESS(5,27) = -1542.487
  FHESS(6,27) = -80.350581
  FHESS(7,27) = -71.821617
  FHESS(8,27) = -18.751027
  FHESS(9,27) = 65.103764
  FHESS(10,27) = -41.090533
  FHESS(11,27) = -132.13107
  FHESS(12,27) = -155.37537
  FHESS(13,27) = 142.98957
  FHESS(14,27) = -7.401897
  FHESS(15,27) = 7.9055059
  FHESS(16,27) = -287.14549
  FHESS(17,27) = -6.7036855
  FHESS(18,27) = 8.1786371
  FHESS(19,27) = 28.896808
  FHESS(20,27) = -83.407194
  FHESS(21,27) = -18.348844
  FHESS(22,27) = 16.424046
  FHESS(23,27) = -1.0773402
  FHESS(24,27) = 161.21467
  FHESS(25,27) = -719.80928
  FHESS(26,27) = -37.982346
  FHESS(27,27) = 38279.616
  FHESS(28,27) = 3718.6318
  FHESS(29,27) = 128.45731
  FHESS(30,27) = 486.43437
  FHESS(31,27) = -59.573932
  FHESS(32,27) = 285.87457
  FHESS(33,27) = -156.48706
  FHESS(34,27) = -1756.1057
  FHESS(35,27) = -195.08788
  FHESS(36,27) = -222.50034
  FHESS(37,27) = -503.10363
  FHESS(38,27) = 4155.4229
  FHESS(1,28) = -9.9571033
  FHESS(2,28) = -1.8964754
  FHESS(3,28) = 1539.7177
  FHESS(4,28) = -83.016067
  FHESS(5,28) = -5457.973
  FHESS(6,28) = 24.749023
  FHESS(7,28) = 191.81581
  FHESS(8,28) = -284.34806
  FHESS(9,28) = -241.16496
  FHESS(10,28) = 44.384312
  FHESS(11,28) = -76.53568
  FHESS(12,28) = 297.24037
  FHESS(13,28) = -14.38848
  FHESS(14,28) = 234.01281
  FHESS(15,28) = 37.270311
  FHESS(16,28) = -225.7758
  FHESS(17,28) = -11.515523
  FHESS(18,28) = -93.794718
  FHESS(19,28) = -191.87387
  FHESS(20,28) = 175.77022
  FHESS(21,28) = -6.6944235
  FHESS(22,28) = -57.365038
  FHESS(23,28) = 121.88606
  FHESS(24,28) = -643.63828
  FHESS(25,28) = -466.68241
  FHESS(26,28) = -66.29184
  FHESS(27,28) = 3718.6318
  FHESS(28,28) = 43132.484
  FHESS(29,28) = -589.26684
  FHESS(30,28) = -432.77293
  FHESS(31,28) = -114.7021
  FHESS(32,28) = 1100.0644
  FHESS(33,28) = 11.916163
  FHESS(34,28) = 5482.8318
  FHESS(35,28) = -200.9071
  FHESS(36,28) = -799.37376
  FHESS(37,28) = -691.26862
  FHESS(38,28) = -9332.3684
  FHESS(1,29) = 33.45546
  FHESS(2,29) = -104.80676
  FHESS(3,29) = -250.73074
  FHESS(4,29) = 78.491217
  FHESS(5,29) = -15.762511
  FHESS(6,29) = 21.355317
  FHESS(7,29) = 850.58746
  FHESS(8,29) = 25.887637
  FHESS(9,29) = -12.262388
  FHESS(10,29) = 77.006334
  FHESS(11,29) = 130.53269
  FHESS(12,29) = -447.29657
  FHESS(13,29) = 79.633355
  FHESS(14,29) = -10.0008
  FHESS(15,29) = -394.46398
  FHESS(16,29) = 112.06316
  FHESS(17,29) = -8.1588593
  FHESS(18,29) = 334.24095
  FHESS(19,29) = -42.535952
  FHESS(20,29) = 34.704745
  FHESS(21,29) = 58.393361
  FHESS(22,29) = 47.083629
  FHESS(23,29) = -9.63734
  FHESS(24,29) = 202.99833
  FHESS(25,29) = -378.922
  FHESS(26,29) = -57.425704
  FHESS(27,29) = 128.45731
  FHESS(28,29) = -589.26684
  FHESS(29,29) = 43338.889
  FHESS(30,29) = -696.59567
  FHESS(31,29) = 130.14447
  FHESS(32,29) = -357.10152
  FHESS(33,29) = 153.53712
  FHESS(34,29) = 373.14439
  FHESS(35,29) = -456.14814
  FHESS(36,29) = 2070.1849
  FHESS(37,29) = 493.0095
  FHESS(38,29) = 134.9912
  FHESS(1,30) = -12.329011
  FHESS(2,30) = -343.94248
  FHESS(3,30) = -246.65747
  FHESS(4,30) = -357.96643
  FHESS(5,30) = 44.472943
  FHESS(6,30) = -67.703321
  FHESS(7,30) = -68.182827
  FHESS(8,30) = 34.436642
  FHESS(9,30) = 13.334169
  FHESS(10,30) = 25.694002
  FHESS(11,30) = 11.122106
  FHESS(12,30) = -22.00983
  FHESS(13,30) = -106.53311
  FHESS(14,30) = -91.301914
  FHESS(15,30) = -26.668166
  FHESS(16,30) = 478.60106
  FHESS(17,30) = -7.6111554
  FHESS(18,30) = -68.464908
  FHESS(19,30) = 69.866709
  FHESS(20,30) = 217.94867
  FHESS(21,30) = -19.265917
  FHESS(22,30) = -4.0481531
  FHESS(23,30) = 29.2036
  FHESS(24,30) = -315.47778
  FHESS(25,30) = 28.065021
  FHESS(26,30) = -47.129889
  FHESS(27,30) = 486.43437
  FHESS(28,30) = -432.77293
  FHESS(29,30) = -696.59567
  FHESS(30,30) = 8208.7008
  FHESS(31,30) = -50.191807
  FHESS(32,30) = 1004.518
  FHESS(33,30) = 243.94151
  FHESS(34,30) = -632.1073
  FHESS(35,30) = 1063.5577
  FHESS(36,30) = 612.75795
  FHESS(37,30) = 275.30291
  FHESS(38,30) = 1764.528
  FHESS(1,31) = -17.676373
  FHESS(2,31) = -99.536589
  FHESS(3,31) = -12.534605
  FHESS(4,31) = 18.193818
  FHESS(5,31) = -10.221021
  FHESS(6,31) = 2.2128019
  FHESS(7,31) = -197.22727
  FHESS(8,31) = 0.87465048
  FHESS(9,31) = -19.47964
  FHESS(10,31) = -9.69842
  FHESS(11,31) = -31.49719
  FHESS(12,31) = 80.082513
  FHESS(13,31) = -20.222151
  FHESS(14,31) = -0.99463826
  FHESS(15,31) = 1.5026793
  FHESS(16,31) = -61.149565
  FHESS(17,31) = 15.225432
  FHESS(18,31) = -27.535621
  FHESS(19,31) = -3.7164208
  FHESS(20,31) = 1.2956261
  FHESS(21,31) = -13.10538
  FHESS(22,31) = -16.534077
  FHESS(23,31) = 8.9230052
  FHESS(24,31) = 30.749554
  FHESS(25,31) = -133.29919
  FHESS(26,31) = -70.555379
  FHESS(27,31) = -59.573932
  FHESS(28,31) = -114.7021
  FHESS(29,31) = 130.14447
  FHESS(30,31) = -50.191807
  FHESS(31,31) = 382.23095
  FHESS(32,31) = -111.97947
  FHESS(33,31) = -58.421485
  FHESS(34,31) = -131.80924
  FHESS(35,31) = -22.038026
  FHESS(36,31) = 88.220795
  FHESS(37,31) = 416.95824
  FHESS(38,31) = 91.161832
  FHESS(1,32) = -960.8455
  FHESS(2,32) = -2323.3003
  FHESS(3,32) = 236.44209
  FHESS(4,32) = 287.18441
  FHESS(5,32) = 1201.6856
  FHESS(6,32) = 24.370711
  FHESS(7,32) = 154.19273
  FHESS(8,32) = -212.47013
  FHESS(9,32) = -261.27423
  FHESS(10,32) = 37.276923
  FHESS(11,32) = -73.950044
  FHESS(12,32) = 1298.953
  FHESS(13,32) = -202.72089
  FHESS(14,32) = 42.363111
  FHESS(15,32) = 105.81893
  FHESS(16,32) = -863.98791
  FHESS(17,32) = -8.9071687
  FHESS(18,32) = -1944.077
  FHESS(19,32) = 75.255408
  FHESS(20,32) = -75.111424
  FHESS(21,32) = -13.405917
  FHESS(22,32) = -251.97163
  FHESS(23,32) = 4.7615484
  FHESS(24,32) = 1404.1566
  FHESS(25,32) = 1381.0043
  FHESS(26,32) = -53.178807
  FHESS(27,32) = 285.87457
  FHESS(28,32) = 1100.0644
  FHESS(29,32) = -357.10152
  FHESS(30,32) = 1004.518
  FHESS(31,32) = -111.97947
  FHESS(32,32) = 25909.22
  FHESS(33,32) = -154.49951
  FHESS(34,32) = 1499.3227
  FHESS(35,32) = -973.32004
  FHESS(36,32) = 229.53352
  FHESS(37,32) = 2028.8192
  FHESS(38,32) = -2907.4276
  FHESS(1,33) = -20.603293
  FHESS(2,33) = -116.4323
  FHESS(3,33) = 209.04997
  FHESS(4,33) = -9.6534517
  FHESS(5,33) = 282.85251
  FHESS(6,33) = -12.827328
  FHESS(7,33) = 10.592852
  FHESS(8,33) = -17.668682
  FHESS(9,33) = 0.3078056
  FHESS(10,33) = -0.8199936
  FHESS(11,33) = -12.782851
  FHESS(12,33) = -51.085764
  FHESS(13,33) = 25.667209
  FHESS(14,33) = 27.017225
  FHESS(15,33) = -2.6511514
  FHESS(16,33) = -118.40967
  FHESS(17,33) = -5.7513358
  FHESS(18,33) = 245.85253
  FHESS(19,33) = 5.1820176
  FHESS(20,33) = -21.802405
  FHESS(21,33) = -3.308838
  FHESS(22,33) = -4.7579176
  FHESS(23,33) = -26.693979
  FHESS(24,33) = -42.260505
  FHESS(25,33) = -82.345992
  FHESS(26,33) = -35.164449
  FHESS(27,33) = -156.48706
  FHESS(28,33) = 11.916163
  FHESS(29,33) = 153.53712
  FHESS(30,33) = 243.94151
  FHESS(31,33) = -58.421485
  FHESS(32,33) = -154.49951
  FHESS(33,33) = 38788.454
  FHESS(34,33) = -28.905321
  FHESS(35,33) = 4.1099914
  FHESS(36,33) = -130.32594
  FHESS(37,33) = 6.7594112
  FHESS(38,33) = -175.90262
  FHESS(1,34) = -41.85919
  FHESS(2,34) = -616.10956
  FHESS(3,34) = -1062.7403
  FHESS(4,34) = 38.535928
  FHESS(5,34) = 247.61736
  FHESS(6,34) = -54.707563
  FHESS(7,34) = -170.21726
  FHESS(8,34) = 74.423912
  FHESS(9,34) = 14.606365
  FHESS(10,34) = -18.698324
  FHESS(11,34) = 25.268107
  FHESS(12,34) = -145.19889
  FHESS(13,34) = -15.94985
  FHESS(14,34) = -145.98738
  FHESS(15,34) = -59.550908
  FHESS(16,34) = 197.66975
  FHESS(17,34) = -7.3652918
  FHESS(18,34) = -260.54011
  FHESS(19,34) = 412.06198
  FHESS(20,34) = -64.954254
  FHESS(21,34) = -11.451432
  FHESS(22,34) = -28.935791
  FHESS(23,34) = 2.6045536
  FHESS(24,34) = 86.58459
  FHESS(25,34) = -85.380318
  FHESS(26,34) = -39.285919
  FHESS(27,34) = -1756.1057
  FHESS(28,34) = 5482.8318
  FHESS(29,34) = 373.14439
  FHESS(30,34) = -632.1073
  FHESS(31,34) = -131.80924
  FHESS(32,34) = 1499.3227
  FHESS(33,34) = -28.905321
  FHESS(34,34) = 5776.0787
  FHESS(35,34) = 108.70049
  FHESS(36,34) = -316.54746
  FHESS(37,34) = 626.80052
  FHESS(38,34) = 831.12667
  FHESS(1,35) = 2013.3141
  FHESS(2,35) = -1337.359
  FHESS(3,35) = -282.41166
  FHESS(4,35) = 2120.1529
  FHESS(5,35) = -588.43141
  FHESS(6,35) = 24.897824
  FHESS(7,35) = -1945.8027
  FHESS(8,35) = 94.0174
  FHESS(9,35) = 50.845053
  FHESS(10,35) = -23.528437
  FHESS(11,35) = -110.72591
  FHESS(12,35) = 136.81049
  FHESS(13,35) = 55.075609
  FHESS(14,35) = 33.282697
  FHESS(15,35) = 21.699422
  FHESS(16,35) = 93.039773
  FHESS(17,35) = -8.2208234
  FHESS(18,35) = -120.32501
  FHESS(19,35) = -56.421059
  FHESS(20,35) = -176.37556
  FHESS(21,35) = -106.00725
  FHESS(22,35) = 20.763507
  FHESS(23,35) = 0.30687484
  FHESS(24,35) = 47.13458
  FHESS(25,35) = 1133.5
  FHESS(26,35) = -40.574842
  FHESS(27,35) = -195.08788
  FHESS(28,35) = -200.9071
  FHESS(29,35) = -456.14814
  FHESS(30,35) = 1063.5577
  FHESS(31,35) = -22.038026
  FHESS(32,35) = -973.32004
  FHESS(33,35) = 4.1099914
  FHESS(34,35) = 108.70049
  FHESS(35,35) = 21221.757
  FHESS(36,35) = 8980.9186
  FHESS(37,35) = 850.60116
  FHESS(38,35) = 427.55208
  FHESS(1,36) = 577.26168
  FHESS(2,36) = 572.52589
  FHESS(3,36) = 237.76615
  FHESS(4,36) = 54.569233
  FHESS(5,36) = -570.76142
  FHESS(6,36) = -1.5360229
  FHESS(7,36) = 1203.0261
  FHESS(8,36) = -45.494511
  FHESS(9,36) = -164.25701
  FHESS(10,36) = 64.681193
  FHESS(11,36) = 251.38211
  FHESS(12,36) = 99.366218
  FHESS(13,36) = -3.6963459
  FHESS(14,36) = -20.295603
  FHESS(15,36) = 25.268675
  FHESS(16,36) = -77.460899
  FHESS(17,36) = -7.5167122
  FHESS(18,36) = 338.88083
  FHESS(19,36) = -17.462597
  FHESS(20,36) = -448.1012
  FHESS(21,36) = 140.66312
  FHESS(22,36) = -46.371451
  FHESS(23,36) = -54.722305
  FHESS(24,36) = 1252.9379
  FHESS(25,36) = -1619.3086
  FHESS(26,36) = -67.41465
  FHESS(27,36) = -222.50034
  FHESS(28,36) = -799.37376
  FHESS(29,36) = 2070.1849
  FHESS(30,36) = 612.75795
  FHESS(31,36) = 88.220795
  FHESS(32,36) = 229.53352
  FHESS(33,36) = -130.32594
  FHESS(34,36) = -316.54746
  FHESS(35,36) = 8980.9186
  FHESS(36,36) = 11945.829
  FHESS(37,36) = -842.16751
  FHESS(38,36) = 2038.2179
  FHESS(1,37) = 54.442425
  FHESS(2,37) = -16.825697
  FHESS(3,37) = 58.82387
  FHESS(4,37) = -132.00936
  FHESS(5,37) = 31.388092
  FHESS(6,37) = -46.387708
  FHESS(7,37) = 102.13765
  FHESS(8,37) = -70.775925
  FHESS(9,37) = 26.579619
  FHESS(10,37) = -62.630256
  FHESS(11,37) = 492.47059
  FHESS(12,37) = -34.434208
  FHESS(13,37) = -215.10734
  FHESS(14,37) = -13.676788
  FHESS(15,37) = -19.077077
  FHESS(16,37) = -507.47755
  FHESS(17,37) = -10.44008
  FHESS(18,37) = 165.54457
  FHESS(19,37) = -53.235213
  FHESS(20,37) = 193.88988
  FHESS(21,37) = -82.71942
  FHESS(22,37) = -236.84726
  FHESS(23,37) = 26.964435
  FHESS(24,37) = -43.016033
  FHESS(25,37) = 107.2076
  FHESS(26,37) = -37.262489
  FHESS(27,37) = -503.10363
  FHESS(28,37) = -691.26862
  FHESS(29,37) = 493.0095
  FHESS(30,37) = 275.30291
  FHESS(31,37) = 416.95824
  FHESS(32,37) = 2028.8192
  FHESS(33,37) = 6.7594112
  FHESS(34,37) = 626.80052
  FHESS(35,37) = 850.60116
  FHESS(36,37) = -842.16751
  FHESS(37,37) = 22736.508
  FHESS(38,37) = 1495.9233
  FHESS(1,38) = -381.59789
  FHESS(2,38) = -398.79798
  FHESS(3,38) = 1649.1488
  FHESS(4,38) = 15.049767
  FHESS(5,38) = 34.795188
  FHESS(6,38) = -4.9528011
  FHESS(7,38) = 173.35076
  FHESS(8,38) = -33.276658
  FHESS(9,38) = -541.34109
  FHESS(10,38) = -166.77763
  FHESS(11,38) = 139.83403
  FHESS(12,38) = -144.41982
  FHESS(13,38) = -488.04023
  FHESS(14,38) = 220.6713
  FHESS(15,38) = -8.9022055
  FHESS(16,38) = -168.16178
  FHESS(17,38) = -13.658361
  FHESS(18,38) = -258.39125
  FHESS(19,38) = 32.889612
  FHESS(20,38) = -73.863845
  FHESS(21,38) = -125.28238
  FHESS(22,38) = 119.42453
  FHESS(23,38) = -400.77863
  FHESS(24,38) = 133.85943
  FHESS(25,38) = 1158.4468
  FHESS(26,38) = -94.35434
  FHESS(27,38) = 4155.4229
  FHESS(28,38) = -9332.3684
  FHESS(29,38) = 134.9912
  FHESS(30,38) = 1764.528
  FHESS(31,38) = 91.161832
  FHESS(32,38) = -2907.4276
  FHESS(33,38) = -175.90262
  FHESS(34,38) = 831.12667
  FHESS(35,38) = 427.55208
  FHESS(36,38) = 2038.2179
  FHESS(37,38) = 1495.9233
  FHESS(38,38) = 93672.987

END SUBROUTINE

